experiment,task,model,seed,batch_idx,trial_idx,E_max,E_mean,E_auc,D_max,D_mean,D_auc,M_max,M_mean,M_auc,divergence_time
context__gated__seed2,ContextDependentDecisionTask,TwoRegionGatedRNN,2,0,0,0.9676700234413147,0.3922792673110962,22.286911010742188,0.037904202938079834,0.016798777505755424,0.9607882499694824,0.11181401461362839,0.03734390065073967,2.132253646850586,25
context__gated__seed2,ContextDependentDecisionTask,TwoRegionGatedRNN,2,0,1,1.1635420322418213,0.583940327167511,33.286766052246094,0.0746070146560669,0.023118581622838974,1.3350908756256104,0.5957608819007874,0.16120518743991852,9.06123161315918,20
context__gated__seed2,ContextDependentDecisionTask,TwoRegionGatedRNN,2,0,2,1.1176084280014038,0.35193997621536255,19.853715896606445,0.07021105289459229,0.023166067898273468,1.3388209342956543,0.39452236890792847,0.046729158610105515,2.5130300521850586,32
context__gated__seed2,ContextDependentDecisionTask,TwoRegionGatedRNN,2,0,3,1.1426448822021484,0.4078027009963989,23.08123779296875,0.06842502951622009,0.026103617623448372,1.5108208656311035,0.13028594851493835,0.04295875132083893,2.4543237686157227,26
context__gated__seed2,ContextDependentDecisionTask,TwoRegionGatedRNN,2,0,4,1.1800048351287842,0.5824896097183228,33.19439697265625,0.06943893432617188,0.022975608706474304,1.325493335723877,0.524379551410675,0.14383555948734283,8.09642219543457,20
context__gated__seed2,ContextDependentDecisionTask,TwoRegionGatedRNN,2,0,5,1.1443912982940674,0.6525061130523682,37.273155212402344,0.07629752159118652,0.022736014798283577,1.3134456872940063,0.3949841558933258,0.13142189383506775,7.551507949829102,17
context__gated__seed2,ContextDependentDecisionTask,TwoRegionGatedRNN,2,0,6,1.083983063697815,0.6202682256698608,35.43355941772461,0.053901463747024536,0.018009938299655914,1.0397294759750366,0.22629225254058838,0.08224843442440033,4.6983137130737305,16
context__gated__seed2,ContextDependentDecisionTask,TwoRegionGatedRNN,2,0,7,1.0241469144821167,0.28935736417770386,16.270652770996094,0.05274966359138489,0.027579791843891144,1.5888540744781494,0.12513528764247894,0.04138261452317238,2.337770462036133,29
context__gated__seed2,ContextDependentDecisionTask,TwoRegionGatedRNN,2,0,8,1.0999680757522583,0.5311684608459473,30.257789611816406,0.08433586359024048,0.02532033808529377,1.4661481380462646,0.4396960437297821,0.09596750885248184,5.3462677001953125,22
context__gated__seed2,ContextDependentDecisionTask,TwoRegionGatedRNN,2,0,9,1.125771164894104,0.6108713746070862,34.88859558105469,0.08523738384246826,0.02987654134631157,1.7197957038879395,0.9485623836517334,0.23930801451206207,13.405585289001465,19
context__gated__seed2,ContextDependentDecisionTask,TwoRegionGatedRNN,2,0,10,1.0937654972076416,0.6462591290473938,36.94830322265625,0.07358655333518982,0.021556759253144264,1.2474697828292847,0.25713181495666504,0.0799303650856018,4.615220546722412,16
context__gated__seed2,ContextDependentDecisionTask,TwoRegionGatedRNN,2,0,11,1.073141098022461,0.567901611328125,32.40593338012695,0.06986868381500244,0.021874958649277687,1.2649078369140625,0.32630476355552673,0.12424181401729584,7.170848846435547,19
context__gated__seed2,ContextDependentDecisionTask,TwoRegionGatedRNN,2,0,12,1.0960744619369507,0.4402619004249573,24.987154006958008,0.02945268154144287,0.013792173936963081,0.7989625930786133,0.3688812851905823,0.15603944659233093,8.954452514648438,21
context__gated__seed2,ContextDependentDecisionTask,TwoRegionGatedRNN,2,0,13,1.1305699348449707,0.5808329582214355,33.15292739868164,0.0785977840423584,0.02701009064912796,1.5590275526046753,0.9008489847183228,0.203020378947258,11.324756622314453,20
context__gated__seed2,ContextDependentDecisionTask,TwoRegionGatedRNN,2,0,14,1.0514922142028809,0.2647911310195923,14.83213996887207,0.06697559356689453,0.03022116608917713,1.7373658418655396,0.6688129901885986,0.2210744172334671,12.487910270690918,34
context__gated__seed2,ContextDependentDecisionTask,TwoRegionGatedRNN,2,0,15,1.0826547145843506,0.6239758729934692,35.67072296142578,0.0621761679649353,0.018952418118715286,1.0965516567230225,0.22947683930397034,0.09462063759565353,5.383115291595459,16
context__gated__seed2,ContextDependentDecisionTask,TwoRegionGatedRNN,2,0,16,1.1173186302185059,0.5198650360107422,29.59351348876953,0.08349299430847168,0.02511528693139553,1.4553015232086182,0.43901458382606506,0.09066682308912277,5.039168834686279,23
context__gated__seed2,ContextDependentDecisionTask,TwoRegionGatedRNN,2,0,17,1.0876646041870117,0.5086073875427246,28.956695556640625,0.042933106422424316,0.015896214172244072,0.9174401164054871,0.3134878873825073,0.11268025636672974,6.524089336395264,20
context__gated__seed2,ContextDependentDecisionTask,TwoRegionGatedRNN,2,0,18,1.1132745742797852,0.527692437171936,30.049524307250977,0.03994929790496826,0.01512170024216175,0.8728314638137817,0.3162077069282532,0.11977560818195343,6.942513465881348,19
context__gated__seed2,ContextDependentDecisionTask,TwoRegionGatedRNN,2,0,19,0.9967718124389648,0.5548635721206665,31.718929290771484,0.05827361345291138,0.018639028072357178,1.0805306434631348,0.35340794920921326,0.13852305710315704,7.872878551483154,20
context__gated__seed2,ContextDependentDecisionTask,TwoRegionGatedRNN,2,0,20,1.0012785196304321,0.6024717092514038,34.4693717956543,0.06102269887924194,0.016377896070480347,0.9472222924232483,0.08911075443029404,0.0331706777215004,1.8793437480926514,16
context__gated__seed2,ContextDependentDecisionTask,TwoRegionGatedRNN,2,0,21,1.0057071447372437,0.5874311327934265,33.59603500366211,0.05933034420013428,0.01619788445532322,0.9367325305938721,0.09187370538711548,0.03171813488006592,1.7937148809432983,17
context__gated__seed2,ContextDependentDecisionTask,TwoRegionGatedRNN,2,0,22,0.9780371189117432,0.5216944217681885,29.8233642578125,0.04730045795440674,0.02109798975288868,1.218442440032959,0.20843437314033508,0.06771185994148254,3.8230702877044678,20
context__gated__seed2,ContextDependentDecisionTask,TwoRegionGatedRNN,2,0,23,1.0882104635238647,0.5327944755554199,30.36412811279297,0.07105851173400879,0.026822321116924286,1.5481985807418823,0.7010546326637268,0.13796715438365936,7.6515679359436035,21
context__gated__seed2,ContextDependentDecisionTask,TwoRegionGatedRNN,2,0,24,0.9889965653419495,0.4927591383457184,28.13953971862793,0.06702011823654175,0.019720271229743958,1.1408913135528564,0.5828931331634521,0.13028383255004883,7.265015125274658,21
context__gated__seed2,ContextDependentDecisionTask,TwoRegionGatedRNN,2,0,25,0.9930433630943298,0.5177314877510071,29.584989547729492,0.06338566541671753,0.01951386034488678,1.1255779266357422,0.3306216299533844,0.07390238344669342,4.121027946472168,20
context__gated__seed2,ContextDependentDecisionTask,TwoRegionGatedRNN,2,0,26,0.9595298767089844,0.43688878417015076,24.92291259765625,0.0572776198387146,0.019118843600153923,1.1031854152679443,0.5505053997039795,0.09463562071323395,5.2136125564575195,23
context__gated__seed2,ContextDependentDecisionTask,TwoRegionGatedRNN,2,0,27,1.0940653085708618,0.6386993527412415,36.507965087890625,0.07521981000900269,0.022096609696745872,1.2787058353424072,0.2750939130783081,0.0876433402299881,5.073862552642822,16
context__gated__seed2,ContextDependentDecisionTask,TwoRegionGatedRNN,2,0,28,1.0893014669418335,0.6410598158836365,36.648685455322266,0.07127562165260315,0.02055300399661064,1.1897892951965332,0.24552831053733826,0.07836291193962097,4.502197742462158,16
context__gated__seed2,ContextDependentDecisionTask,TwoRegionGatedRNN,2,0,29,1.0850255489349365,0.6203662157058716,35.45806121826172,0.06197714805603027,0.018849976360797882,1.0905663967132568,0.23308327794075012,0.08984643220901489,5.120926380157471,16
context__gated__seed2,ContextDependentDecisionTask,TwoRegionGatedRNN,2,0,30,1.116403579711914,0.5606141090393066,31.98773765563965,0.08428013324737549,0.027874305844306946,1.6070235967636108,0.9174538850784302,0.2024153172969818,11.281363487243652,21
context__gated__seed2,ContextDependentDecisionTask,TwoRegionGatedRNN,2,0,31,0.9815590381622314,0.5278142690658569,30.17877960205078,0.046863555908203125,0.020816786214709282,1.2029813528060913,0.19901740550994873,0.06436983495950699,3.633941650390625,20
context__gated__seed2,ContextDependentDecisionTask,TwoRegionGatedRNN,2,0,32,1.1068755388259888,0.5779324769973755,32.96664047241211,0.08575320243835449,0.02908904477953911,1.678759217262268,0.6513544321060181,0.15152928233146667,8.463021278381348,20
context__gated__seed2,ContextDependentDecisionTask,TwoRegionGatedRNN,2,0,33,1.0035079717636108,0.5523174405097961,31.584882736206055,0.0722091794013977,0.025661302730441093,1.4774916172027588,0.41389137506484985,0.14030243456363678,7.934640407562256,19
context__gated__seed2,ContextDependentDecisionTask,TwoRegionGatedRNN,2,0,34,0.9894704222679138,0.5351691842079163,30.60439109802246,0.0485687255859375,0.020253490656614304,1.1716673374176025,0.19954219460487366,0.06607261300086975,3.7324399948120117,20
context__gated__seed2,ContextDependentDecisionTask,TwoRegionGatedRNN,2,0,35,0.9946727752685547,0.5811078548431396,33.23819351196289,0.05953872203826904,0.01882697455585003,1.0900567770004272,0.3341432213783264,0.13990090787410736,7.967966079711914,18
context__gated__seed2,ContextDependentDecisionTask,TwoRegionGatedRNN,2,0,36,0.9351191520690918,0.279654860496521,15.752519607543945,0.02948218584060669,0.012123944237828255,0.6935893297195435,0.10166186094284058,0.03596574813127518,2.0591888427734375,34
context__gated__seed2,ContextDependentDecisionTask,TwoRegionGatedRNN,2,0,37,1.1537591218948364,0.5145448446273804,29.266721725463867,0.058634430170059204,0.023626267910003662,1.3695143461227417,0.41401612758636475,0.18723641335964203,10.701549530029297,20
context__gated__seed2,ContextDependentDecisionTask,TwoRegionGatedRNN,2,0,38,0.9712565541267395,0.44477343559265137,25.37738609313965,0.05883413553237915,0.019266782328486443,1.109196662902832,0.5448179244995117,0.09412074834108353,5.186594486236572,23
context__gated__seed2,ContextDependentDecisionTask,TwoRegionGatedRNN,2,0,39,0.9837565422058105,0.5367215871810913,30.68780517578125,0.05166339874267578,0.019743438810110092,1.1429903507232666,0.2445431500673294,0.09022243320941925,5.111156463623047,20
context__gated__seed2,ContextDependentDecisionTask,TwoRegionGatedRNN,2,0,40,0.8271163702011108,0.22765301167964935,12.790316581726074,0.020003318786621094,0.008840616792440414,0.5045062899589539,0.6286174654960632,0.14913539588451385,8.335543632507324,33
context__gated__seed2,ContextDependentDecisionTask,TwoRegionGatedRNN,2,0,41,1.1712932586669922,0.6405298709869385,36.56509017944336,0.07982635498046875,0.02382204867899418,1.3747013807296753,0.49732834100723267,0.16401591897010803,9.332231521606445,18
context__gated__seed2,ContextDependentDecisionTask,TwoRegionGatedRNN,2,0,42,1.1226030588150024,0.5250207781791687,29.892059326171875,0.07609930634498596,0.026429764926433563,1.5288434028625488,0.47501900792121887,0.2126426249742508,12.174238204956055,22
context__gated__seed2,ContextDependentDecisionTask,TwoRegionGatedRNN,2,0,43,1.1122468709945679,0.613525390625,35.028350830078125,0.09082901477813721,0.031388118863105774,1.8088772296905518,0.7271838188171387,0.18818122148513794,10.550920486450195,19
context__gated__seed2,ContextDependentDecisionTask,TwoRegionGatedRNN,2,0,44,1.0762134790420532,0.6233615279197693,35.62647247314453,0.07396936416625977,0.02051093988120556,1.1874111890792847,0.26018452644348145,0.08047829568386078,4.628499507904053,17
context__gated__seed2,ContextDependentDecisionTask,TwoRegionGatedRNN,2,0,45,1.0202704668045044,0.5814182162284851,33.267494201660156,0.07375043630599976,0.0279129296541214,1.6052565574645996,0.33879226446151733,0.1274208277463913,7.23326301574707,17
context__gated__seed2,ContextDependentDecisionTask,TwoRegionGatedRNN,2,0,46,1.1920771598815918,0.563021719455719,32.05922317504883,0.0676543116569519,0.02160123735666275,1.2458045482635498,0.3391043245792389,0.09745749086141586,5.524139881134033,21
context__gated__seed2,ContextDependentDecisionTask,TwoRegionGatedRNN,2,0,47,0.9788771867752075,0.4587947130203247,26.16339111328125,0.03763997554779053,0.020224429666996002,1.1617341041564941,0.04042252153158188,0.013127889484167099,0.7417408227920532,22
context__gated__seed2,ContextDependentDecisionTask,TwoRegionGatedRNN,2,0,48,0.9900630116462708,0.45681658387184143,26.063068389892578,0.048925042152404785,0.02048787660896778,1.1793988943099976,0.44309794902801514,0.11489757895469666,6.442509651184082,24
context__gated__seed2,ContextDependentDecisionTask,TwoRegionGatedRNN,2,0,49,0.976131021976471,0.533194899559021,30.477272033691406,0.054952919483184814,0.020542507991194725,1.1879278421401978,0.4222741425037384,0.15683428943157196,8.905062675476074,20
context__gated__seed2,ContextDependentDecisionTask,TwoRegionGatedRNN,2,0,50,0.9887865781784058,0.5168268084526062,29.522748947143555,0.054856300354003906,0.018370429053902626,1.0644927024841309,0.5616188049316406,0.18993933498859406,10.747491836547852,21
context__gated__seed2,ContextDependentDecisionTask,TwoRegionGatedRNN,2,0,51,1.0088086128234863,0.5465365648269653,31.230792999267578,0.05886638164520264,0.01848452538251877,1.0717849731445312,0.4400655925273895,0.16465288400650024,9.349081039428711,20
context__gated__seed2,ContextDependentDecisionTask,TwoRegionGatedRNN,2,0,52,0.9865453243255615,0.4907991588115692,28.031641006469727,0.05180782079696655,0.02111183851957321,1.2171779870986938,0.4298582375049591,0.13479681313037872,7.609180450439453,22
context__gated__seed2,ContextDependentDecisionTask,TwoRegionGatedRNN,2,0,53,0.9584116339683533,0.4878263771533966,27.845932006835938,0.050596535205841064,0.0182499922811985,1.0567383766174316,0.6539205312728882,0.19480614364147186,10.973499298095703,21
context__gated__seed2,ContextDependentDecisionTask,TwoRegionGatedRNN,2,0,54,0.9772123098373413,0.493348091840744,28.17972755432129,0.04514873027801514,0.021541312336921692,1.241217017173767,0.2093474566936493,0.058495841920375824,3.288085460662842,21
context__gated__seed2,ContextDependentDecisionTask,TwoRegionGatedRNN,2,0,55,0.9960849285125732,0.5240398049354553,29.940332412719727,0.05618882179260254,0.018929552286863327,1.096325397491455,0.48285019397735596,0.16872136294841766,9.559475898742676,21
context__gated__seed2,ContextDependentDecisionTask,TwoRegionGatedRNN,2,0,56,1.1348758935928345,0.48607853055000305,27.625118255615234,0.07130372524261475,0.02486729808151722,1.438788890838623,0.29956915974617004,0.06261641532182693,3.4819672107696533,23
context__gated__seed2,ContextDependentDecisionTask,TwoRegionGatedRNN,2,0,57,1.078385829925537,0.5361672043800354,30.558507919311523,0.08843114972114563,0.0257299542427063,1.4887051582336426,0.4490829408168793,0.10495790839195251,5.8630170822143555,21
context__gated__seed2,ContextDependentDecisionTask,TwoRegionGatedRNN,2,0,58,1.136904001235962,0.642669677734375,36.706382751464844,0.07171553373336792,0.02192828804254532,1.2672184705734253,0.35167035460472107,0.11257248371839523,6.489260196685791,17
context__gated__seed2,ContextDependentDecisionTask,TwoRegionGatedRNN,2,0,59,1.1156455278396606,0.4430849850177765,25.141103744506836,0.053132057189941406,0.01693706214427948,0.9767995476722717,0.1979212611913681,0.05745618790388107,3.253166913986206,26
context__gated__seed2,ContextDependentDecisionTask,TwoRegionGatedRNN,2,0,60,0.9783727526664734,0.5278012156486511,30.16811752319336,0.05504286289215088,0.020753653720021248,1.1992990970611572,0.38127055764198303,0.13807131350040436,7.832039833068848,20
context__gated__seed2,ContextDependentDecisionTask,TwoRegionGatedRNN,2,0,61,1.1016581058502197,0.4767380356788635,27.106266021728516,0.07405412197113037,0.025647306814789772,1.4815144538879395,0.635360836982727,0.10858551412820816,5.980279445648193,25
context__gated__seed2,ContextDependentDecisionTask,TwoRegionGatedRNN,2,0,62,1.1076568365097046,0.550603985786438,31.4157772064209,0.07554996013641357,0.025939907878637314,1.498842716217041,0.9043359756469727,0.19005055725574493,10.570764541625977,21
context__gated__seed2,ContextDependentDecisionTask,TwoRegionGatedRNN,2,0,63,1.1322306394577026,0.4963173568248749,28.25062370300293,0.07544243335723877,0.023949183523654938,1.3874800205230713,0.7671318650245667,0.13791903853416443,7.615737438201904,24
context__gated__seed2,ContextDependentDecisionTask,TwoRegionGatedRNN,2,0,64,1.0006858110427856,0.4956728219985962,28.30589485168457,0.0647505521774292,0.019710183143615723,1.1368534564971924,0.43264660239219666,0.08967287838459015,4.984703063964844,21
context__gated__seed2,ContextDependentDecisionTask,TwoRegionGatedRNN,2,0,65,1.1104927062988281,0.5362798571586609,30.54898452758789,0.0830603837966919,0.026729920879006386,1.5458903312683105,0.5559077262878418,0.1153922751545906,6.414797782897949,22
context__gated__seed2,ContextDependentDecisionTask,TwoRegionGatedRNN,2,0,66,1.0490143299102783,0.5983131527900696,34.232852935791016,0.07649427652359009,0.020598795264959335,1.193782091140747,0.417535662651062,0.15056847035884857,8.525577545166016,17
context__gated__seed2,ContextDependentDecisionTask,TwoRegionGatedRNN,2,0,67,1.146543025970459,0.6649023294448853,37.991065979003906,0.0824974775314331,0.02358754351735115,1.3625798225402832,0.48051828145980835,0.16863489151000977,9.638925552368164,17
context__gated__seed2,ContextDependentDecisionTask,TwoRegionGatedRNN,2,0,68,1.077678918838501,0.6153031587600708,35.161128997802734,0.0670667290687561,0.01942632533609867,1.1245951652526855,0.24567200243473053,0.083847776055336,4.795725345611572,17
context__gated__seed2,ContextDependentDecisionTask,TwoRegionGatedRNN,2,0,69,0.9936289191246033,0.5689061880111694,32.53212356567383,0.05959451198577881,0.017038213089108467,0.9844706058502197,0.12926018238067627,0.038378313183784485,2.1613118648529053,17
context__gated__seed2,ContextDependentDecisionTask,TwoRegionGatedRNN,2,0,70,1.0987628698349,0.6309115290641785,36.04349136352539,0.09242379665374756,0.030544042587280273,1.7633076906204224,0.6509132385253906,0.18285222351551056,10.279972076416016,17
context__gated__seed2,ContextDependentDecisionTask,TwoRegionGatedRNN,2,0,71,1.1383190155029297,0.6464514136314392,36.94860076904297,0.069785475730896,0.020330173894762993,1.1748899221420288,0.31198108196258545,0.11203772574663162,6.342196941375732,17
context__gated__seed2,ContextDependentDecisionTask,TwoRegionGatedRNN,2,0,72,0.9942392110824585,0.5820052027702332,33.299015045166016,0.05789375305175781,0.01875179633498192,1.085571527481079,0.2886098027229309,0.12177436053752899,6.931332588195801,18
context__gated__seed2,ContextDependentDecisionTask,TwoRegionGatedRNN,2,0,73,1.0340814590454102,0.59516441822052,34.04334259033203,0.07402503490447998,0.021272482350468636,1.229209065437317,0.4030810594558716,0.13374756276607513,7.555819034576416,17
context__gated__seed2,ContextDependentDecisionTask,TwoRegionGatedRNN,2,0,74,1.1134299039840698,0.6136623024940491,35.03569030761719,0.09168565273284912,0.03127512335777283,1.8028486967086792,0.7094205617904663,0.18562376499176025,10.411468505859375,19
context__gated__seed2,ContextDependentDecisionTask,TwoRegionGatedRNN,2,0,75,1.0025231838226318,0.5822051763534546,33.30617141723633,0.059212684631347656,0.018764330074191093,1.0859341621398926,0.3048807680606842,0.12808622419834137,7.291048526763916,18
context__gated__seed2,ContextDependentDecisionTask,TwoRegionGatedRNN,2,0,76,1.106210708618164,0.6473121047019958,37.00462341308594,0.07364434003829956,0.020840011537075043,1.2066636085510254,0.2547464072704315,0.08169050514698029,4.688157081604004,16
context__gated__seed2,ContextDependentDecisionTask,TwoRegionGatedRNN,2,0,77,1.0964758396148682,0.5165336728096008,29.41071319580078,0.05029377341270447,0.0188282523304224,1.090433120727539,0.30555886030197144,0.13088279962539673,7.527805805206299,20
context__gated__seed2,ContextDependentDecisionTask,TwoRegionGatedRNN,2,0,78,1.1069406270980835,0.531979501247406,30.301342010498047,0.07971099019050598,0.024923153221607208,1.4448413848876953,0.4575229585170746,0.09666083753108978,5.377567291259766,21
context__gated__seed2,ContextDependentDecisionTask,TwoRegionGatedRNN,2,0,79,0.9860643148422241,0.5553945302963257,31.768321990966797,0.053326308727264404,0.019655097275972366,1.1390736103057861,0.2463909238576889,0.09753917902708054,5.53672456741333,19
context__gated__seed2,ContextDependentDecisionTask,TwoRegionGatedRNN,2,0,80,1.0012578964233398,0.5009583830833435,28.61029052734375,0.06553471088409424,0.019685642793774605,1.135640025138855,0.4017385244369507,0.08614375442266464,4.795468330383301,21
context__gated__seed2,ContextDependentDecisionTask,TwoRegionGatedRNN,2,0,81,1.1155214309692383,0.3217436671257019,18.103370666503906,0.06302100419998169,0.027434824034571648,1.5871402025222778,0.11506719887256622,0.03901703283190727,2.2280259132385254,30
context__gated__seed2,ContextDependentDecisionTask,TwoRegionGatedRNN,2,0,82,0.9971394538879395,0.5394423007965088,30.826398849487305,0.05613982677459717,0.019222000613808632,1.1138381958007812,0.4584828317165375,0.16964386403560638,9.630047798156738,20
context__gated__seed2,ContextDependentDecisionTask,TwoRegionGatedRNN,2,0,83,0.9797393679618835,0.5117677450180054,29.247724533081055,0.06689244508743286,0.019912201911211014,1.1512788534164429,0.5848501324653625,0.15200619399547577,8.523935317993164,20
context__gated__seed2,ContextDependentDecisionTask,TwoRegionGatedRNN,2,0,84,0.9990005493164062,0.49288901686668396,28.14940071105957,0.05472862720489502,0.019967807456851006,1.1528481245040894,0.45315825939178467,0.14126236736774445,7.9728522300720215,22
context__gated__seed2,ContextDependentDecisionTask,TwoRegionGatedRNN,2,0,85,1.1062498092651367,0.5332062244415283,30.372987747192383,0.05673140287399292,0.020539961755275726,1.188701868057251,0.32420432567596436,0.14086073637008667,8.094913482666016,20
context__gated__seed2,ContextDependentDecisionTask,TwoRegionGatedRNN,2,0,86,0.9561288952827454,0.37030354142189026,21.018362045288086,0.0350496768951416,0.016969474032521248,0.971596360206604,0.10052290558815002,0.028012169525027275,1.574444055557251,28
context__gated__seed2,ContextDependentDecisionTask,TwoRegionGatedRNN,2,0,87,1.03542160987854,0.583940327167511,33.39289855957031,0.07468438148498535,0.020951587706804276,1.2113001346588135,0.4313250184059143,0.13942179083824158,7.870800971984863,18
context__gated__seed2,ContextDependentDecisionTask,TwoRegionGatedRNN,2,0,88,1.1207352876663208,0.5009521842002869,28.519834518432617,0.0761878490447998,0.025872036814689636,1.4948070049285889,0.7684472799301147,0.1370142549276352,7.562602519989014,24
context__gated__seed2,ContextDependentDecisionTask,TwoRegionGatedRNN,2,0,89,0.9999035000801086,0.532378077507019,30.385231018066406,0.05121698975563049,0.01728866808116436,1.0011708736419678,0.5336552858352661,0.19951626658439636,11.31869888305664,20
context__gated__seed2,ContextDependentDecisionTask,TwoRegionGatedRNN,2,0,90,1.0703665018081665,0.5907648205757141,33.72917175292969,0.09202176332473755,0.02622060850262642,1.5189924240112305,0.5584411025047302,0.14801332354545593,8.30555248260498,18
context__gated__seed2,ContextDependentDecisionTask,TwoRegionGatedRNN,2,0,91,1.118813157081604,0.5899546146392822,33.699562072753906,0.0814281702041626,0.02584872394800186,1.4938578605651855,0.9569669961929321,0.23427441716194153,13.1094331741333,19
context__gated__seed2,ContextDependentDecisionTask,TwoRegionGatedRNN,2,0,92,1.122179388999939,0.456076443195343,25.891345977783203,0.07579588890075684,0.026029285043478012,1.503586769104004,0.22352251410484314,0.05442219227552414,3.0447254180908203,25
context__gated__seed2,ContextDependentDecisionTask,TwoRegionGatedRNN,2,0,93,1.1060513257980347,0.5251621603965759,29.921283721923828,0.07336151599884033,0.02693461999297142,1.5544681549072266,0.7369661331176758,0.1394546777009964,7.719888687133789,22
context__gated__seed2,ContextDependentDecisionTask,TwoRegionGatedRNN,2,0,94,0.9959802627563477,0.5771479606628418,33.02027893066406,0.05700886249542236,0.018679914996027946,1.0817075967788696,0.27670276165008545,0.1156197041273117,6.577052593231201,18
context__gated__seed2,ContextDependentDecisionTask,TwoRegionGatedRNN,2,0,95,1.1343764066696167,0.6527695655822754,37.32771682739258,0.08789002895355225,0.026625579223036766,1.536538004875183,0.89146488904953,0.2782289385795593,15.691547393798828,17
context__gated__seed2,ContextDependentDecisionTask,TwoRegionGatedRNN,2,0,96,1.0254627466201782,0.5939720869064331,33.98231506347656,0.07346111536026001,0.02946988120675087,1.6920619010925293,0.3289089798927307,0.12618760764598846,7.180699348449707,17
context__gated__seed2,ContextDependentDecisionTask,TwoRegionGatedRNN,2,0,97,1.1580396890640259,0.43564534187316895,24.688411712646484,0.07340499758720398,0.02798880822956562,1.6227331161499023,0.5673882961273193,0.23385067284107208,13.32060432434082,27
context__gated__seed2,ContextDependentDecisionTask,TwoRegionGatedRNN,2,0,98,0.8679580688476562,0.44712311029434204,25.49916648864746,0.0453527569770813,0.016531117260456085,0.9536027908325195,0.7401050329208374,0.22102148830890656,12.450050354003906,21
context__gated__seed2,ContextDependentDecisionTask,TwoRegionGatedRNN,2,0,99,1.115923285484314,0.641523003578186,36.65037155151367,0.05802661180496216,0.018496785312891006,1.0685954093933105,0.23938749730587006,0.09434771537780762,5.352474212646484,16
context__gated__seed2,ContextDependentDecisionTask,TwoRegionGatedRNN,2,0,100,1.1730395555496216,0.6126003861427307,34.94430923461914,0.074432373046875,0.02394276112318039,1.3809001445770264,0.5251686573028564,0.15591512620449066,8.805712699890137,19
context__gated__seed2,ContextDependentDecisionTask,TwoRegionGatedRNN,2,0,101,0.9951006174087524,0.5760963559150696,32.96181106567383,0.0565376877784729,0.01869809441268444,1.0828664302825928,0.2661176323890686,0.11107643693685532,6.316680431365967,18
context__gated__seed2,ContextDependentDecisionTask,TwoRegionGatedRNN,2,0,102,1.0012061595916748,0.5225077867507935,29.85249900817871,0.06736785173416138,0.020150089636445045,1.1646054983139038,0.47564104199409485,0.11488278955221176,6.425380706787109,20
context__gated__seed2,ContextDependentDecisionTask,TwoRegionGatedRNN,2,0,103,0.9904725551605225,0.5606666207313538,32.06031036376953,0.057476162910461426,0.018947932869195938,1.0987547636032104,0.32140690088272095,0.12883080542087555,7.325809001922607,19
context__gated__seed2,ContextDependentDecisionTask,TwoRegionGatedRNN,2,0,104,0.8553871512413025,0.259811133146286,14.641350746154785,0.05335879325866699,0.02497090771794319,1.423755168914795,0.15647318959236145,0.031112654134631157,1.726297378540039,32
context__gated__seed2,ContextDependentDecisionTask,TwoRegionGatedRNN,2,0,105,1.1610065698623657,0.6395014524459839,36.51057815551758,0.07589691877365112,0.022703291848301888,1.311202049255371,0.39041733741760254,0.12719044089317322,7.293187141418457,18
context__gated__seed2,ContextDependentDecisionTask,TwoRegionGatedRNN,2,0,106,1.1174390316009521,0.4211067855358124,23.865468978881836,0.037044644355773926,0.017233557999134064,0.995512843132019,0.38733038306236267,0.16439728438854218,9.396739959716797,22
context__gated__seed2,ContextDependentDecisionTask,TwoRegionGatedRNN,2,0,107,1.1358275413513184,0.6599615216255188,37.72333908081055,0.08858358860015869,0.031136808916926384,1.7908133268356323,0.9520835876464844,0.277756929397583,15.633861541748047,17
context__gated__seed2,ContextDependentDecisionTask,TwoRegionGatedRNN,2,0,108,0.9934056997299194,0.4328414797782898,24.663721084594727,0.04777634143829346,0.01948990486562252,1.1214121580123901,0.3905125856399536,0.09391433745622635,5.251774787902832,26
context__gated__seed2,ContextDependentDecisionTask,TwoRegionGatedRNN,2,0,109,1.0791727304458618,0.625234842300415,35.732818603515625,0.0698738694190979,0.020830603316426277,1.2056164741516113,0.26215678453445435,0.081302210688591,4.688281536102295,16
context__gated__seed2,ContextDependentDecisionTask,TwoRegionGatedRNN,2,0,110,0.9762253761291504,0.5245453715324402,29.945472717285156,0.0501255989074707,0.017468003556132317,1.0122427940368652,0.5501205325126648,0.2012368142604828,11.409549713134766,20
context__gated__seed2,ContextDependentDecisionTask,TwoRegionGatedRNN,2,0,111,0.9673911333084106,0.33311548829078674,18.837003707885742,0.025441288948059082,0.009474217891693115,0.5453523397445679,0.5749622583389282,0.16677162051200867,9.385272026062012,27
context__gated__seed2,ContextDependentDecisionTask,TwoRegionGatedRNN,2,0,112,1.1210718154907227,0.5585775971412659,31.865833282470703,0.07176262140274048,0.024573059752583504,1.4223865270614624,0.8212229013442993,0.17606058716773987,9.8009033203125,20
context__gated__seed2,ContextDependentDecisionTask,TwoRegionGatedRNN,2,0,113,1.0806931257247925,0.5501601696014404,31.368938446044922,0.04063186049461365,0.01485053263604641,0.8568650484085083,0.2726384401321411,0.10084044188261032,5.839488506317139,17
context__gated__seed2,ContextDependentDecisionTask,TwoRegionGatedRNN,2,0,114,1.1341917514801025,0.6358132362365723,36.32124328613281,0.08257019519805908,0.024237332865595818,1.3998966217041016,0.7141278982162476,0.22748497128486633,12.851346969604492,18
context__gated__seed2,ContextDependentDecisionTask,TwoRegionGatedRNN,2,0,115,1.1162493228912354,0.581276535987854,33.173492431640625,0.08209550380706787,0.0293594878166914,1.6907495260238647,0.8745726346969604,0.20073731243610382,11.205477714538574,20
context__gated__seed2,ContextDependentDecisionTask,TwoRegionGatedRNN,2,0,116,1.0611143112182617,0.6171875596046448,35.320552825927734,0.07992768287658691,0.02127506025135517,1.230892539024353,0.396880567073822,0.1499452292919159,8.501494407653809,17
context__gated__seed2,ContextDependentDecisionTask,TwoRegionGatedRNN,2,0,117,1.1612699031829834,0.42095285654067993,23.834630966186523,0.04641079902648926,0.023180780932307243,1.3353724479675293,0.45028960704803467,0.18359169363975525,10.427343368530273,23
context__gated__seed2,ContextDependentDecisionTask,TwoRegionGatedRNN,2,0,118,1.0241131782531738,0.6081237196922302,34.79656219482422,0.07141470909118652,0.020004862919449806,1.154723882675171,0.26132240891456604,0.09545537829399109,5.405750274658203,17
context__gated__seed2,ContextDependentDecisionTask,TwoRegionGatedRNN,2,0,119,1.1306486129760742,0.6712457537651062,38.374122619628906,0.0913008451461792,0.032516442239284515,1.868849277496338,0.9573780298233032,0.28993260860443115,16.337400436401367,16
context__gated__seed2,ContextDependentDecisionTask,TwoRegionGatedRNN,2,0,120,1.1122174263000488,0.57402104139328,32.753047943115234,0.08327066898345947,0.029319429770112038,1.6890571117401123,0.8340297937393188,0.18827347457408905,10.502845764160156,20
context__gated__seed2,ContextDependentDecisionTask,TwoRegionGatedRNN,2,0,121,1.1961783170700073,0.6235972046852112,35.570556640625,0.07849627733230591,0.02308625727891922,1.3322532176971436,0.4515453577041626,0.14402784407138824,8.202220916748047,19
context__gated__seed2,ContextDependentDecisionTask,TwoRegionGatedRNN,2,0,122,1.0692566633224487,0.6154896020889282,35.16377258300781,0.09299921989440918,0.028174182400107384,1.6296346187591553,0.5984518527984619,0.16910915076732635,9.50910472869873,17
context__gated__seed2,ContextDependentDecisionTask,TwoRegionGatedRNN,2,0,123,0.9789208173751831,0.4947894811630249,28.23957633972168,0.045906126499176025,0.014867828227579594,0.8579616546630859,0.1395202875137329,0.057589851319789886,3.3206074237823486,20
context__gated__seed2,ContextDependentDecisionTask,TwoRegionGatedRNN,2,0,124,1.0955740213394165,0.6201304793357849,35.4197883605957,0.09167003631591797,0.029731567949056625,1.717406988143921,0.6347654461860657,0.17239414155483246,9.681477546691895,18
context__gated__seed2,ContextDependentDecisionTask,TwoRegionGatedRNN,2,0,125,0.9876970052719116,0.4692297875881195,26.78109359741211,0.05777585506439209,0.01899838075041771,1.0938109159469604,0.3538146913051605,0.06087065860629082,3.353590965270996,22
context__gated__seed2,ContextDependentDecisionTask,TwoRegionGatedRNN,2,0,126,1.1117839813232422,0.5331522226333618,30.36812400817871,0.061844468116760254,0.021545087918639183,1.2463698387145996,0.34638750553131104,0.1495250165462494,8.589099884033203,20
context__gated__seed2,ContextDependentDecisionTask,TwoRegionGatedRNN,2,0,127,0.9832255244255066,0.5239976644515991,29.948762893676758,0.052415549755096436,0.020322518423199654,1.174968957901001,0.2774937152862549,0.09889011085033417,5.599942207336426,20
context__gated__seed2,ContextDependentDecisionTask,TwoRegionGatedRNN,2,0,128,1.085732340812683,0.5173825025558472,29.465320587158203,0.07907024025917053,0.026079243049025536,1.5068484544754028,0.34536030888557434,0.0796990618109703,4.449865818023682,21
context__gated__seed2,ContextDependentDecisionTask,TwoRegionGatedRNN,2,0,129,0.9647392630577087,0.4073410630226135,23.173921585083008,0.037309885025024414,0.01827114261686802,1.0471118688583374,0.05060264468193054,0.01544332504272461,0.8704118132591248,26
context__gated__seed2,ContextDependentDecisionTask,TwoRegionGatedRNN,2,0,130,1.0202199220657349,0.5746449828147888,32.86391830444336,0.07026094198226929,0.020718934014439583,1.1964231729507446,0.37028825283050537,0.11070191115140915,6.235567092895508,18
context__gated__seed2,ContextDependentDecisionTask,TwoRegionGatedRNN,2,0,131,1.0031598806381226,0.5747122764587402,32.86122131347656,0.05675065517425537,0.016177339479327202,0.9353001713752747,0.09258054196834564,0.030172882601618767,1.7037367820739746,17
context__gated__seed2,ContextDependentDecisionTask,TwoRegionGatedRNN,2,0,132,0.9941128492355347,0.5714359283447266,32.68782424926758,0.057144224643707275,0.018441323190927505,1.0678670406341553,0.2850397825241089,0.11761295050382614,6.688243389129639,18
context__gated__seed2,ContextDependentDecisionTask,TwoRegionGatedRNN,2,0,133,0.9692813158035278,0.4513261914253235,25.73725700378418,0.03999602794647217,0.021014006808400154,1.2067523002624512,0.16546258330345154,0.037739433348178864,2.1061558723449707,23
context__gated__seed2,ContextDependentDecisionTask,TwoRegionGatedRNN,2,0,134,1.2080790996551514,0.4835294783115387,27.440673828125,0.0583762526512146,0.026371832937002182,1.525247573852539,0.4953126013278961,0.20916379988193512,11.902924537658691,21
context__gated__seed2,ContextDependentDecisionTask,TwoRegionGatedRNN,2,0,135,1.079349398612976,0.6078346967697144,34.72182846069336,0.06954383850097656,0.021498842164874077,1.2434577941894531,0.2865990400314331,0.09683416038751602,5.612191677093506,17
context__gated__seed2,ContextDependentDecisionTask,TwoRegionGatedRNN,2,0,136,1.0944335460662842,0.606971025466919,34.6571044921875,0.09012836217880249,0.029034284874796867,1.6776692867279053,0.6175740957260132,0.1615731567144394,9.062458038330078,18
context__gated__seed2,ContextDependentDecisionTask,TwoRegionGatedRNN,2,0,137,1.1469111442565918,0.5085785388946533,28.92452049255371,0.07051548361778259,0.0259772427380085,1.5041460990905762,0.4832324683666229,0.21287983655929565,12.168302536010742,22
context__gated__seed2,ContextDependentDecisionTask,TwoRegionGatedRNN,2,0,138,1.06834876537323,0.5443054437637329,31.035541534423828,0.0857064425945282,0.025889039039611816,1.4971725940704346,0.431755393743515,0.10237899422645569,5.722103118896484,20
context__gated__seed2,ContextDependentDecisionTask,TwoRegionGatedRNN,2,0,139,0.9535818696022034,0.36242368817329407,20.56140899658203,0.03558570146560669,0.01656806468963623,0.948042631149292,0.07778868079185486,0.025948602706193924,1.4661242961883545,29
context__gated__seed2,ContextDependentDecisionTask,TwoRegionGatedRNN,2,0,140,0.9383302927017212,0.5007854700088501,28.588409423828125,0.051416218280792236,0.01740190200507641,1.0084292888641357,0.6228770613670349,0.20501568913459778,11.58458423614502,21
context__gated__seed2,ContextDependentDecisionTask,TwoRegionGatedRNN,2,0,141,0.989632785320282,0.5309157371520996,30.34064292907715,0.056590735912323,0.019884251058101654,1.1506142616271973,0.4356509745121002,0.15851396322250366,8.994012832641602,20
context__gated__seed2,ContextDependentDecisionTask,TwoRegionGatedRNN,2,0,142,1.003345251083374,0.5774384140968323,33.0271110534668,0.06681156158447266,0.018637556582689285,1.0762203931808472,0.2182648628950119,0.06735380738973618,3.797389030456543,18
context__gated__seed2,ContextDependentDecisionTask,TwoRegionGatedRNN,2,0,143,0.9927858114242554,0.46361565589904785,26.454036712646484,0.0613863468170166,0.019359568133950233,1.1152522563934326,0.42830774188041687,0.07557614147663116,4.169262409210205,23
context__gated__seed2,ContextDependentDecisionTask,TwoRegionGatedRNN,2,0,144,0.9750317335128784,0.45379838347435,25.879501342773438,0.039202868938446045,0.019814487546682358,1.138934850692749,0.0945385992527008,0.015601386316120625,0.8576111793518066,23
context__gated__seed2,ContextDependentDecisionTask,TwoRegionGatedRNN,2,0,145,0.990830659866333,0.4668533504009247,26.590740203857422,0.02928060293197632,0.011013351380825043,0.638060450553894,0.38215553760528564,0.14890241622924805,8.462631225585938,20
context__gated__seed2,ContextDependentDecisionTask,TwoRegionGatedRNN,2,0,146,1.1588118076324463,0.35500457882881165,20.010862350463867,0.06582087278366089,0.031095849350094795,1.7878217697143555,0.6670746803283691,0.230437770485878,13.031854629516602,28
context__gated__seed2,ContextDependentDecisionTask,TwoRegionGatedRNN,2,0,147,1.098131775856018,0.6333730816841125,36.20671463012695,0.07241752743721008,0.019674226641654968,1.138995885848999,0.24231886863708496,0.09262970089912415,5.27770471572876,16
context__gated__seed2,ContextDependentDecisionTask,TwoRegionGatedRNN,2,0,148,1.0717076063156128,0.543696939945221,30.999778747558594,0.05807918310165405,0.019520295783877373,1.1291166543960571,0.29741305112838745,0.11284084618091583,6.5177459716796875,19
context__gated__seed2,ContextDependentDecisionTask,TwoRegionGatedRNN,2,0,149,0.9786512851715088,0.48546332120895386,27.721282958984375,0.04596167802810669,0.020564887672662735,1.1855311393737793,0.2286284863948822,0.06386980414390564,3.590134382247925,22
context__gated__seed2,ContextDependentDecisionTask,TwoRegionGatedRNN,2,0,150,0.9919474124908447,0.5504507422447205,31.46454429626465,0.05770045518875122,0.019230252131819725,1.114731788635254,0.399868905544281,0.15407896041870117,8.757044792175293,20
context__gated__seed2,ContextDependentDecisionTask,TwoRegionGatedRNN,2,0,151,0.970509946346283,0.4301847815513611,24.49115753173828,0.04589930176734924,0.018712064251303673,1.0805786848068237,0.6423743963241577,0.13792528212070465,7.6784796714782715,25
context__gated__seed2,ContextDependentDecisionTask,TwoRegionGatedRNN,2,0,152,0.9722766876220703,0.4787482023239136,27.335044860839844,0.04552280902862549,0.02235722914338112,1.2858705520629883,0.28802230954170227,0.0848105400800705,4.775000095367432,22
context__gated__seed2,ContextDependentDecisionTask,TwoRegionGatedRNN,2,0,153,0.9704417586326599,0.4608246088027954,26.29184341430664,0.049385666847229004,0.018970537930727005,1.0964956283569336,0.6841912865638733,0.16484986245632172,9.219195365905762,23
context__gated__seed2,ContextDependentDecisionTask,TwoRegionGatedRNN,2,0,154,0.9919738173484802,0.5305919647216797,30.322845458984375,0.05606752634048462,0.020069634541869164,1.1611700057983398,0.36738643050193787,0.13382330536842346,7.590790271759033,20
context__gated__seed2,ContextDependentDecisionTask,TwoRegionGatedRNN,2,0,155,1.086337924003601,0.5635456442832947,32.148475646972656,0.07900652289390564,0.024304253980517387,1.4048951864242554,0.38746368885040283,0.1604335755109787,9.230979919433594,20
context__gated__seed2,ContextDependentDecisionTask,TwoRegionGatedRNN,2,0,156,0.9764858484268188,0.46009308099746704,26.208372116088867,0.031789958477020264,0.011787669733166695,0.6819433569908142,0.32888662815093994,0.12860612571239471,7.313220977783203,20
context__gated__seed2,ContextDependentDecisionTask,TwoRegionGatedRNN,2,0,157,1.1157219409942627,0.5173208117485046,29.446748733520508,0.08080744743347168,0.024947384372353554,1.445706844329834,0.4333261549472809,0.08823941648006439,4.901222229003906,23
context__gated__seed2,ContextDependentDecisionTask,TwoRegionGatedRNN,2,0,158,1.1430377960205078,0.6631497144699097,37.89116287231445,0.07678759098052979,0.021965844556689262,1.2700607776641846,0.3627135455608368,0.1201733723282814,6.9328765869140625,16
context__gated__seed2,ContextDependentDecisionTask,TwoRegionGatedRNN,2,0,159,0.9966240525245667,0.5601515173912048,32.0139045715332,0.046034932136535645,0.014379829168319702,0.8322361707687378,0.10514850914478302,0.05160381644964218,2.971240997314453,17
context__gated__seed2,ContextDependentDecisionTask,TwoRegionGatedRNN,2,0,160,0.9858583807945251,0.5239488482475281,29.940523147583008,0.05494290590286255,0.02023923024535179,1.1704158782958984,0.3924187123775482,0.1401391178369522,7.944864749908447,20
context__gated__seed2,ContextDependentDecisionTask,TwoRegionGatedRNN,2,0,161,1.0569185018539429,0.5889286994934082,33.63414764404297,0.06550905108451843,0.019994622096419334,1.157010555267334,0.27220407128334045,0.08429943770170212,4.868126392364502,17
context__gated__seed2,ContextDependentDecisionTask,TwoRegionGatedRNN,2,0,162,0.9944561719894409,0.5762067437171936,32.96968460083008,0.05609428882598877,0.018911991268396378,1.0956248044967651,0.2610636055469513,0.10897447168827057,6.196937084197998,18
context__gated__seed2,ContextDependentDecisionTask,TwoRegionGatedRNN,2,0,163,1.0741087198257446,0.6122921109199524,34.975887298583984,0.09412974119186401,0.027805427089333534,1.6087729930877686,0.5936886072158813,0.1658247858285904,9.320995330810547,17
context__gated__seed2,ContextDependentDecisionTask,TwoRegionGatedRNN,2,0,164,1.0103390216827393,0.5405594110488892,30.89461898803711,0.06906592845916748,0.020366573706269264,1.1768149137496948,0.4536612331867218,0.11646238714456558,6.527987003326416,19
context__gated__seed2,ContextDependentDecisionTask,TwoRegionGatedRNN,2,0,165,1.003675103187561,0.5950814485549927,34.042762756347656,0.06252294778823853,0.017359083518385887,1.0031849145889282,0.14262884855270386,0.04921051859855652,2.782895565032959,17
context__gated__seed2,ContextDependentDecisionTask,TwoRegionGatedRNN,2,0,166,1.0817248821258545,0.5200088024139404,29.61964225769043,0.08266985416412354,0.025848282501101494,1.4941072463989258,0.3904781937599182,0.08823627233505249,4.922465801239014,22
context__gated__seed2,ContextDependentDecisionTask,TwoRegionGatedRNN,2,0,167,1.0863152742385864,0.6309254765510559,36.06277847290039,0.06958955526351929,0.02043819986283779,1.18284010887146,0.2523426413536072,0.07905106991529465,4.546561241149902,16
context__gated__seed2,ContextDependentDecisionTask,TwoRegionGatedRNN,2,0,168,1.15885329246521,0.68741774559021,39.30391311645508,0.06460845470428467,0.020004253834486008,1.1561235189437866,0.3246116042137146,0.11267901957035065,6.373077392578125,15
context__gated__seed2,ContextDependentDecisionTask,TwoRegionGatedRNN,2,0,169,1.0114707946777344,0.4441926181316376,25.257448196411133,0.05977046489715576,0.030793344601988792,1.7625508308410645,0.30928629636764526,0.07823853194713593,4.384788513183594,23
context__gated__seed2,ContextDependentDecisionTask,TwoRegionGatedRNN,2,0,170,0.9916645884513855,0.5417768955230713,30.951875686645508,0.047600746154785156,0.014430256560444832,0.8347921371459961,0.11370193958282471,0.05359093099832535,3.085794448852539,18
context__gated__seed2,ContextDependentDecisionTask,TwoRegionGatedRNN,2,0,171,0.9835993051528931,0.5585724115371704,31.947858810424805,0.05519974231719971,0.020352257415652275,1.178896188735962,0.2858079671859741,0.11445029079914093,6.505866527557373,19
context__gated__seed2,ContextDependentDecisionTask,TwoRegionGatedRNN,2,0,172,1.0026413202285767,0.5913631916046143,33.8265380859375,0.060627281665802,0.016786811873316765,0.9704248905181885,0.1176505982875824,0.04010187089443207,2.267083168029785,17
context__gated__seed2,ContextDependentDecisionTask,TwoRegionGatedRNN,2,0,173,0.9779830574989319,0.471269816160202,26.890254974365234,0.04955679178237915,0.019150888547301292,1.1071069240570068,0.6567947864532471,0.17881561815738678,10.043010711669922,23
context__gated__seed2,ContextDependentDecisionTask,TwoRegionGatedRNN,2,0,174,0.9676550626754761,0.42573514580726624,24.24730682373047,0.03903841972351074,0.01973170042037964,1.1319776773452759,0.1451217234134674,0.03281506896018982,1.8307132720947266,25
context__gated__seed2,ContextDependentDecisionTask,TwoRegionGatedRNN,2,0,175,1.112351417541504,0.6063122153282166,34.60993194580078,0.09456485509872437,0.03057258203625679,1.7636759281158447,0.661335825920105,0.1728241741657257,9.693133354187012,19
context__gated__seed2,ContextDependentDecisionTask,TwoRegionGatedRNN,2,0,176,1.0495553016662598,0.5770383477210999,32.94824981689453,0.0585903525352478,0.01850760355591774,1.0707074403762817,0.25528037548065186,0.0809541642665863,4.660576820373535,17
context__gated__seed2,ContextDependentDecisionTask,TwoRegionGatedRNN,2,0,177,0.9733951687812805,0.4830828607082367,27.54922866821289,0.035025179386138916,0.01291713211685419,0.746629536151886,0.2584701180458069,0.10665135830640793,6.082655906677246,20
context__gated__seed2,ContextDependentDecisionTask,TwoRegionGatedRNN,2,0,178,1.1288880109786987,0.5173523426055908,29.44359016418457,0.07350960373878479,0.025925105437636375,1.4999611377716064,0.472491055727005,0.20980769395828247,12.007164001464844,22
context__gated__seed2,ContextDependentDecisionTask,TwoRegionGatedRNN,2,0,179,1.1127128601074219,0.47921326756477356,27.239234924316406,0.07831689715385437,0.02645188383758068,1.530588150024414,0.5084257125854492,0.2206583023071289,12.620110511779785,25
context__gated__seed2,ContextDependentDecisionTask,TwoRegionGatedRNN,2,0,180,1.145196557044983,0.6696644425392151,38.2679328918457,0.08254224061965942,0.023492448031902313,1.3572819232940674,0.48990917205810547,0.17423978447914124,9.96869945526123,17
context__gated__seed2,ContextDependentDecisionTask,TwoRegionGatedRNN,2,0,181,1.0675547122955322,0.5727725625038147,32.69078063964844,0.06432628631591797,0.020212536677718163,1.1690587997436523,0.28791940212249756,0.09921259433031082,5.747147083282471,18
context__gated__seed2,ContextDependentDecisionTask,TwoRegionGatedRNN,2,0,182,1.1603206396102905,0.5742671489715576,32.727333068847656,0.07551860809326172,0.022671330720186234,1.3096424341201782,0.6128416061401367,0.16462329030036926,9.251450538635254,21
context__gated__seed2,ContextDependentDecisionTask,TwoRegionGatedRNN,2,0,183,1.0118311643600464,0.4222774803638458,24.0313663482666,0.047259390354156494,0.018645478412508965,1.0765196084976196,0.5315467715263367,0.11092038452625275,6.167609214782715,27
context__gated__seed2,ContextDependentDecisionTask,TwoRegionGatedRNN,2,0,184,1.1453185081481934,0.5406416058540344,30.784547805786133,0.0680270791053772,0.02205769345164299,1.2758409976959229,0.5762377977371216,0.13603512942790985,7.60294246673584,22
context__gated__seed2,ContextDependentDecisionTask,TwoRegionGatedRNN,2,0,185,1.2003825902938843,0.5887557864189148,33.54764175415039,0.07510173320770264,0.022885462269186974,1.320223331451416,0.5163220167160034,0.14783139526844025,8.340280532836914,21
context__gated__seed2,ContextDependentDecisionTask,TwoRegionGatedRNN,2,0,186,1.1472781896591187,0.46766605973243713,26.550994873046875,0.055014073848724365,0.018450824543833733,1.0642844438552856,0.22433729469776154,0.061795398592948914,3.481693744659424,24
context__gated__seed2,ContextDependentDecisionTask,TwoRegionGatedRNN,2,0,187,1.1430097818374634,0.5717960000038147,32.59266662597656,0.06401640176773071,0.020639684051275253,1.1915935277938843,0.2997936010360718,0.08974332362413406,5.135402679443359,20
context__gated__seed2,ContextDependentDecisionTask,TwoRegionGatedRNN,2,0,188,0.991183876991272,0.475691020488739,27.153234481811523,0.06295937299728394,0.019739342853426933,1.1385537385940552,0.47678667306900024,0.09094946086406708,5.036675453186035,22
context__gated__seed2,ContextDependentDecisionTask,TwoRegionGatedRNN,2,0,189,1.1503392457962036,0.5227071046829224,29.742229461669922,0.07122933864593506,0.02659059688448906,1.5398051738739014,0.48749083280563354,0.21876226365566254,12.504709243774414,21
context__gated__seed2,ContextDependentDecisionTask,TwoRegionGatedRNN,2,0,190,1.0846705436706543,0.5826290249824524,33.25579071044922,0.07075047492980957,0.022305743768811226,1.2897073030471802,0.32528239488601685,0.1251048743724823,7.219893455505371,18
context__gated__seed2,ContextDependentDecisionTask,TwoRegionGatedRNN,2,0,191,1.1036680936813354,0.5817407965660095,33.18913269042969,0.08632028102874756,0.02814791165292263,1.6264845132827759,0.6161395907402039,0.14704953134059906,8.220802307128906,20
context__gated__seed2,ContextDependentDecisionTask,TwoRegionGatedRNN,2,0,192,1.1163969039916992,0.5251707434654236,29.90170669555664,0.08230096101760864,0.02518596313893795,1.4592658281326294,0.43827494978904724,0.09204329550266266,5.119373321533203,22
context__gated__seed2,ContextDependentDecisionTask,TwoRegionGatedRNN,2,0,193,1.0873526334762573,0.5711148381233215,32.58097839355469,0.08935034275054932,0.025770168751478195,1.4938517808914185,0.527946412563324,0.12681493163108826,7.091292381286621,20
context__gated__seed2,ContextDependentDecisionTask,TwoRegionGatedRNN,2,0,194,1.0622433423995972,0.5962232947349548,34.057884216308594,0.06351029872894287,0.019161438569426537,1.1086783409118652,0.25362950563430786,0.08036606758832932,4.620273590087891,17
context__gated__seed2,ContextDependentDecisionTask,TwoRegionGatedRNN,2,0,195,0.9876728057861328,0.5429106950759888,31.045791625976562,0.052630603313446045,0.01984650082886219,1.149200201034546,0.2427431344985962,0.09168849885463715,5.197559833526611,19
context__gated__seed2,ContextDependentDecisionTask,TwoRegionGatedRNN,2,0,196,1.1054091453552246,0.4879854917526245,27.750455856323242,0.07538849115371704,0.025985533371567726,1.5012314319610596,0.25846585631370544,0.0626785010099411,3.506120204925537,22
context__gated__seed2,ContextDependentDecisionTask,TwoRegionGatedRNN,2,0,197,1.0969994068145752,0.5583736896514893,31.837764739990234,0.058911681175231934,0.02080325409770012,1.2033487558364868,0.31008782982826233,0.13217094540596008,7.605607032775879,19
context__gated__seed2,ContextDependentDecisionTask,TwoRegionGatedRNN,2,0,198,1.0255515575408936,0.5428796410560608,31.018857955932617,0.07393336296081543,0.02025836519896984,1.1721786260604858,0.4846341907978058,0.13466094434261322,7.568017959594727,20
context__gated__seed2,ContextDependentDecisionTask,TwoRegionGatedRNN,2,0,199,1.0313880443572998,0.5718332529067993,32.69319534301758,0.0739169716835022,0.020722070708870888,1.1982383728027344,0.44878652691841125,0.1380564421415329,7.782880783081055,18
context__gated__seed2,ContextDependentDecisionTask,TwoRegionGatedRNN,2,0,200,1.1138157844543457,0.5301008224487305,30.209232330322266,0.0791962742805481,0.02726329118013382,1.5726770162582397,0.7987512350082397,0.15696214139461517,8.70443058013916,22
context__gated__seed2,ContextDependentDecisionTask,TwoRegionGatedRNN,2,0,201,1.0038310289382935,0.549609363079071,31.40871238708496,0.05900067090988159,0.018340090289711952,1.0630898475646973,0.42058172821998596,0.15992963314056396,9.084644317626953,20
context__gated__seed2,ContextDependentDecisionTask,TwoRegionGatedRNN,2,0,202,0.9611300230026245,0.33102959394454956,18.72722053527832,0.033288657665252686,0.014968386851251125,0.859571099281311,0.15952622890472412,0.04474454000592232,2.5154201984405518,31
context__gated__seed2,ContextDependentDecisionTask,TwoRegionGatedRNN,2,0,203,1.1161425113677979,0.6130650639533997,34.999698638916016,0.09121590852737427,0.03186093270778656,1.835079312324524,0.7388238310813904,0.19273914396762848,10.809457778930664,19
context__gated__seed2,ContextDependentDecisionTask,TwoRegionGatedRNN,2,0,204,0.9794542193412781,0.4967486262321472,28.354074478149414,0.04885929822921753,0.015239225700497627,0.8796815276145935,0.12016992270946503,0.046836987137794495,2.7137773036956787,20
context__gated__seed2,ContextDependentDecisionTask,TwoRegionGatedRNN,2,0,205,0.8722196817398071,0.3310733437538147,18.766145706176758,0.052752912044525146,0.02801748737692833,1.5997759103775024,0.05748312175273895,0.01782146468758583,1.030382752418518,25
context__gated__seed2,ContextDependentDecisionTask,TwoRegionGatedRNN,2,0,206,1.0280088186264038,0.5810198187828064,33.23760986328125,0.07496297359466553,0.027681706473231316,1.5912002325057983,0.35823386907577515,0.13267233967781067,7.530374526977539,18
context__gated__seed2,ContextDependentDecisionTask,TwoRegionGatedRNN,2,0,207,1.0257117748260498,0.6193900108337402,35.447330474853516,0.07017970085144043,0.019467342644929886,1.12382972240448,0.22457653284072876,0.08696842193603516,4.931880474090576,16
context__gated__seed2,ContextDependentDecisionTask,TwoRegionGatedRNN,2,0,208,0.9788472652435303,0.49942171573638916,28.53159523010254,0.04608798027038574,0.021022994071245193,1.2124874591827393,0.21008434891700745,0.06013251841068268,3.382643699645996,21
context__gated__seed2,ContextDependentDecisionTask,TwoRegionGatedRNN,2,0,209,0.8789224624633789,0.21556758880615234,12.063457489013672,0.037170469760894775,0.012449365109205246,0.7037054300308228,0.17046962678432465,0.06024722754955292,3.409104824066162,37
context__gated__seed2,ContextDependentDecisionTask,TwoRegionGatedRNN,2,0,210,1.0676136016845703,0.6034651398658752,34.4671745300293,0.09404122829437256,0.027025025337934494,1.564550757408142,0.5779707431793213,0.1598837673664093,8.984273910522461,18
context__gated__seed2,ContextDependentDecisionTask,TwoRegionGatedRNN,2,0,211,1.108709692955017,0.5466954708099365,31.15398406982422,0.08405309915542603,0.025922058150172234,1.50161612033844,0.5185874104499817,0.11280009150505066,6.283111572265625,21
context__gated__seed2,ContextDependentDecisionTask,TwoRegionGatedRNN,2,0,212,1.0123660564422607,0.571714460849762,32.670448303222656,0.05618041753768921,0.018131792545318604,1.0482466220855713,0.46007251739501953,0.1859198957681656,10.57961654663086,19
context__gated__seed2,ContextDependentDecisionTask,TwoRegionGatedRNN,2,0,213,0.9865175485610962,0.514112114906311,29.32524299621582,0.05015924572944641,0.016461554914712906,0.9542850255966187,0.5450400710105896,0.20527833700180054,11.651932716369629,20
context__gated__seed2,ContextDependentDecisionTask,TwoRegionGatedRNN,2,0,214,1.0716829299926758,0.6198210120201111,35.421043395996094,0.07035267353057861,0.021048443391919136,1.2179194688796997,0.26590341329574585,0.08298013359308243,4.798630714416504,16
context__gated__seed2,ContextDependentDecisionTask,TwoRegionGatedRNN,2,0,215,1.139510154724121,0.657427191734314,37.59553146362305,0.08880001306533813,0.026349589228630066,1.5208613872528076,0.8619105219841003,0.27341946959495544,15.427374839782715,17
context__gated__seed2,ContextDependentDecisionTask,TwoRegionGatedRNN,2,0,216,0.9769042134284973,0.4338286519050598,24.722360610961914,0.04470086097717285,0.019542012363672256,1.1232447624206543,0.2678121328353882,0.06657092273235321,3.7272069454193115,25
context__gated__seed2,ContextDependentDecisionTask,TwoRegionGatedRNN,2,0,217,0.9893690943717957,0.5592982172966003,31.970033645629883,0.04956257343292236,0.014951169490814209,0.864871084690094,0.08623671531677246,0.03968222811818123,2.2946629524230957,17
context__gated__seed2,ContextDependentDecisionTask,TwoRegionGatedRNN,2,0,218,1.130199670791626,0.48592621088027954,27.618623733520508,0.04338020086288452,0.019430777058005333,1.1252896785736084,0.33433279395103455,0.15262407064437866,8.736700057983398,20
context__gated__seed2,ContextDependentDecisionTask,TwoRegionGatedRNN,2,0,219,0.9921141862869263,0.5564568042755127,31.789505004882812,0.069743812084198,0.03012227453291416,1.7264857292175293,0.340289443731308,0.11959493905305862,6.800245761871338,18
context__gated__seed2,ContextDependentDecisionTask,TwoRegionGatedRNN,2,0,220,1.0742461681365967,0.6010572910308838,34.32978820800781,0.07001173496246338,0.022008929401636124,1.2726105451583862,0.2982894778251648,0.11069521307945251,6.398218154907227,17
context__gated__seed2,ContextDependentDecisionTask,TwoRegionGatedRNN,2,0,221,1.1224634647369385,0.6460283398628235,36.90841293334961,0.09461963176727295,0.033675648272037506,1.9393939971923828,0.7388960719108582,0.21252170205116272,11.956809997558594,18
context__gated__seed2,ContextDependentDecisionTask,TwoRegionGatedRNN,2,0,222,1.1384013891220093,0.6254015564918518,35.70408248901367,0.07040667533874512,0.020717084407806396,1.19797682762146,0.3099208176136017,0.09540083259344101,5.513186454772949,18
context__gated__seed2,ContextDependentDecisionTask,TwoRegionGatedRNN,2,0,223,1.1579954624176025,0.5274717211723328,30.014360427856445,0.06251132488250732,0.02176714688539505,1.2585428953170776,0.4967854917049408,0.11246562004089355,6.274740219116211,21
context__gated__seed2,ContextDependentDecisionTask,TwoRegionGatedRNN,2,0,224,1.0741907358169556,0.6012030243873596,34.3388557434082,0.07483649253845215,0.021674612537026405,1.254132866859436,0.30089178681373596,0.09773996472358704,5.6684064865112305,18
context__gated__seed2,ContextDependentDecisionTask,TwoRegionGatedRNN,2,0,225,1.1895991563796997,0.40161454677581787,22.698841094970703,0.06313896179199219,0.02776803821325302,1.602291464805603,0.5706954002380371,0.2172427773475647,12.322930335998535,27
context__gated__seed2,ContextDependentDecisionTask,TwoRegionGatedRNN,2,0,226,1.002225637435913,0.6001105904579163,34.33183670043945,0.06281781196594238,0.016539758071303368,0.956517219543457,0.10477283596992493,0.03970925509929657,2.2507505416870117,17
context__gated__seed2,ContextDependentDecisionTask,TwoRegionGatedRNN,2,0,227,0.9801814556121826,0.5244613289833069,29.941099166870117,0.06526190042495728,0.03289966657757759,1.8885772228240967,0.24875888228416443,0.08492699265480042,4.843104362487793,19
context__gated__seed2,ContextDependentDecisionTask,TwoRegionGatedRNN,2,0,228,0.9860997796058655,0.475475549697876,27.135831832885742,0.0379907488822937,0.019908152520656586,1.1453664302825928,0.052311867475509644,0.014334446750581264,0.8052420616149902,21
context__gated__seed2,ContextDependentDecisionTask,TwoRegionGatedRNN,2,0,229,0.99245685338974,0.5716952085494995,32.684200286865234,0.05814605951309204,0.018466053530573845,1.0691920518875122,0.4092904329299927,0.16683100163936615,9.498435020446777,18
context__gated__seed2,ContextDependentDecisionTask,TwoRegionGatedRNN,2,0,230,1.1217597723007202,0.4281800091266632,24.273555755615234,0.07169705629348755,0.024293111637234688,1.405649185180664,0.4513178765773773,0.06866803020238876,3.757086992263794,27
context__gated__seed2,ContextDependentDecisionTask,TwoRegionGatedRNN,2,0,231,0.820367693901062,0.39127540588378906,22.376941680908203,0.056889474391937256,0.027426209300756454,1.578417420387268,0.08848824352025986,0.023015176877379417,1.329681634902954,22
context__gated__seed2,ContextDependentDecisionTask,TwoRegionGatedRNN,2,0,232,0.9747886061668396,0.46135589480400085,26.31995964050293,0.0400812029838562,0.020400766283273697,1.1730332374572754,0.12368562817573547,0.0230863057076931,1.277163028717041,23
context__gated__seed2,ContextDependentDecisionTask,TwoRegionGatedRNN,2,0,233,1.0803066492080688,0.5706557631492615,32.56013870239258,0.056902289390563965,0.01945125311613083,1.1250343322753906,0.28204894065856934,0.10355951637029648,5.990869522094727,18
context__gated__seed2,ContextDependentDecisionTask,TwoRegionGatedRNN,2,0,234,1.1843230724334717,0.49289217591285706,27.995582580566406,0.06534337997436523,0.027409104630351067,1.5883668661117554,0.5237244963645935,0.22641028463840485,12.904736518859863,22
context__gated__seed2,ContextDependentDecisionTask,TwoRegionGatedRNN,2,0,235,0.9614524841308594,0.3710879981517792,21.058462142944336,0.034642934799194336,0.017142200842499733,0.9829042553901672,0.1429865062236786,0.034637562930583954,1.937485694885254,27
context__gated__seed2,ContextDependentDecisionTask,TwoRegionGatedRNN,2,0,236,0.9844123125076294,0.5173228979110718,29.57160758972168,0.04493594169616699,0.02116525173187256,1.2217358350753784,0.17126032710075378,0.04823898524045944,2.712230920791626,20
context__gated__seed2,ContextDependentDecisionTask,TwoRegionGatedRNN,2,0,237,0.989831805229187,0.5552611947059631,31.765579223632812,0.05150836706161499,0.020175110548734665,1.1687105894088745,0.22106119990348816,0.0850362703204155,4.821572780609131,19
context__gated__seed2,ContextDependentDecisionTask,TwoRegionGatedRNN,2,0,238,1.1036436557769775,0.5710481405258179,32.568973541259766,0.08236467838287354,0.02822093665599823,1.6298227310180664,0.6303351521492004,0.14296621084213257,7.976873397827148,20
context__gated__seed2,ContextDependentDecisionTask,TwoRegionGatedRNN,2,0,239,1.1357109546661377,0.6367135047912598,36.39374542236328,0.08576053380966187,0.025699127465486526,1.4843289852142334,0.8655015230178833,0.2589992880821228,14.589208602905273,17
context__gated__seed2,ContextDependentDecisionTask,TwoRegionGatedRNN,2,0,240,0.9856119155883789,0.5030491948127747,28.744998931884766,0.04125410318374634,0.020480193197727203,1.181314468383789,0.12878432869911194,0.02664235047996044,1.48086416721344,20
context__gated__seed2,ContextDependentDecisionTask,TwoRegionGatedRNN,2,0,241,1.0905075073242188,0.6501068472862244,37.18466567993164,0.07039397954940796,0.019513817504048347,1.1295443773269653,0.2657359838485718,0.10709688067436218,6.0787506103515625,15
context__gated__seed2,ContextDependentDecisionTask,TwoRegionGatedRNN,2,0,242,1.1235160827636719,0.6482065916061401,37.034217834472656,0.09461849927902222,0.03432588279247284,1.9747586250305176,0.8126974701881409,0.2348572462797165,13.215372085571289,17
context__gated__seed2,ContextDependentDecisionTask,TwoRegionGatedRNN,2,0,243,1.0014716386795044,0.566950261592865,32.403987884521484,0.04532867670059204,0.014034655876457691,0.8127704858779907,0.11461828649044037,0.05695314705371857,3.2727530002593994,17
context__gated__seed2,ContextDependentDecisionTask,TwoRegionGatedRNN,2,0,244,1.0536606311798096,0.6068339943885803,34.71826171875,0.07840007543563843,0.021213801577687263,1.2269303798675537,0.4081850051879883,0.1480695754289627,8.385724067687988,17
context__gated__seed2,ContextDependentDecisionTask,TwoRegionGatedRNN,2,0,245,0.9794963002204895,0.5236597657203674,29.93515396118164,0.04878795146942139,0.01976565644145012,1.143222451210022,0.22551491856575012,0.07544033974409103,4.262782096862793,20
context__gated__seed2,ContextDependentDecisionTask,TwoRegionGatedRNN,2,0,246,1.1349282264709473,0.4936794638633728,28.066640853881836,0.07511994242668152,0.026449289172887802,1.5310864448547363,0.5013450384140015,0.21904787421226501,12.52147388458252,24
context__gated__seed2,ContextDependentDecisionTask,TwoRegionGatedRNN,2,0,247,1.114876389503479,0.5537789463996887,31.564369201660156,0.07294359803199768,0.02565259486436844,1.4834599494934082,0.4336869716644287,0.19791464507579803,11.34441089630127,20
context__gated__seed2,ContextDependentDecisionTask,TwoRegionGatedRNN,2,0,248,0.9763099551200867,0.49127036333084106,28.06020164489746,0.06609600782394409,0.02012876607477665,1.1636474132537842,0.5857213139533997,0.14190338551998138,7.937536239624023,21
context__gated__seed2,ContextDependentDecisionTask,TwoRegionGatedRNN,2,0,249,0.9884117841720581,0.5396028161048889,30.825044631958008,0.04354661703109741,0.014118620194494724,0.8169923424720764,0.13747189939022064,0.06448976695537567,3.7035598754882812,18
context__gated__seed2,ContextDependentDecisionTask,TwoRegionGatedRNN,2,0,250,1.1051828861236572,0.5697199106216431,32.49523162841797,0.07049131393432617,0.024695811793208122,1.4275676012039185,0.3969711661338806,0.17706215381622314,10.165729522705078,18
context__gated__seed2,ContextDependentDecisionTask,TwoRegionGatedRNN,2,0,251,0.9519083499908447,0.343806654214859,19.46577262878418,0.035427212715148926,0.015212645754218102,0.8659221529960632,0.13897056877613068,0.042463939636945724,2.3951096534729004,27
context__gated__seed2,ContextDependentDecisionTask,TwoRegionGatedRNN,2,0,252,0.9161704182624817,0.45384544134140015,25.88379669189453,0.04932141304016113,0.017844418063759804,1.0314867496490479,0.7595738172531128,0.18856169283390045,10.556790351867676,23
context__gated__seed2,ContextDependentDecisionTask,TwoRegionGatedRNN,2,0,253,1.090259075164795,0.6457657814025879,36.932857513427734,0.06903773546218872,0.01941252127289772,1.1236135959625244,0.2519102692604065,0.103657566010952,5.886183261871338,15
context__gated__seed2,ContextDependentDecisionTask,TwoRegionGatedRNN,2,0,254,0.9728977084159851,0.417883038520813,23.78024673461914,0.037538230419158936,0.018166158348321915,1.0411608219146729,0.07640501856803894,0.025373294949531555,1.4648195505142212,25
context__gated__seed2,ContextDependentDecisionTask,TwoRegionGatedRNN,2,0,255,1.1545318365097046,0.670102596282959,38.290809631347656,0.0631941556930542,0.01915682852268219,1.107295036315918,0.24733226001262665,0.09676215797662735,5.48853874206543,16
